%YAML:1.0
---
extrinsicRotation: !!opencv-matrix
   rows: 3
   cols: 3
   dt: d
   data: [ -3.2485015253183036e-02, -9.9907856321881061e-01,
       2.8049033862832300e-02, -9.9883267077093296e-01,
       3.1447646427341658e-02, -3.6665260598921570e-02,
       3.5749399779666922e-02, -2.9207362955574991e-02,
       -9.9893388688369988e-01 ]
extrinsicTranslation: !!opencv-matrix
   rows: 3
   cols: 1
   dt: d
   data: [ -3.5596778685959645e-03, 1.1000219042524302e-04,
       -2.6546044393186901e-02 ]
