%YAML:1.0
---
extrinsicRotation: !!opencv-matrix
   rows: 3
   cols: 3
   dt: d
   data: [ 1.5413859883674275e-02, -9.9987736410815975e-01,
       2.7694164738170518e-03, 9.9976515529813303e-01,
       1.5454208675580561e-02, 1.5192158698225610e-02,
       -1.5233094734390631e-02, 2.5345962855259155e-03,
       9.9988075721382019e-01 ]
extrinsicTranslation: !!opencv-matrix
   rows: 3
   cols: 1
   dt: d
   data: [ -1.5211103135936264e-02, -6.7877909482644799e-02,
       -2.4378878468513747e-03 ]
